28jul15_22jun15_G_m2_sp1_19_rev.tif
score: 3-4
(extra foci added)
ans = 

    Length    Foci_1    Foci_2    Foci_3    Skipped
    ______    ______    ______    ______    _______

      97.5     3        45         0        0      
        95     5        23        46        0      
        86    12        76         0        0      
        49    31         0         0        0      
        72    29         0         0        0      
        78    11        28        47        0      
      72.5     8        52         0        0      
        98    32         0         0        0      
      69.5    52         0         0        0      
     104.5    33        88         0        0      
      62.5    12         0         0        0      
      67.5     1        29        39        0      
       103     9        86         0        0      
       103     9         0         0        0      
        51     0         0         0        0      
        64     2        54         0        0      
        87    34        80         0        0      
       106    45        64         0        0      
        48    17         0         0        0      
    84.692    34        76         0        0      
    53.545     4        16        43        0 

*20,21 manually drawn
*15,14 apart of XY, (not joined)
*extra foci:18,6